000000580913
000000580923
000000580942
000000580943
000000580957
000000580972
000000580983
000000581010
000000581022
000000581040
000000581081
000000581089
000000581118
000000581127
000000581180
000000581181
000000581198
000000581204
000000581223
000000581233
000000581262
000000581282
000000581297
000000581302
000000581309
000000581328
000000581338
000000581394
000000581422
000000581423
000000581481
000000581486
000000581557
000000581566
000000581594
000000581601
000000581605
000000581668
000000581674
000000581697
000000581702
000000581709
000000581712
000000581726
000000581736
000000581766
000000581863
000000581881
000000581900
000000581903